0: 1
89X10123
78121874
87430965
96549874
45678903
32019012
01329801
10456732

1: 2
890X0123
78X21874
87430965
96549874
45678903
32019012
01329801
10456732

2: 2
890.0123
78.X1874
87430965
96549874
45678903
32019012
01329801
10456732

3: 2
890 0123
78 .1874
874X0965
96549874
45678903
32019012
01329801
10456732

4: 2*2=4
890 0123
78  1874
87X.0965
965X9874
45678903
32019012
01329801
10456732

5: 4
890 0123
78  1874
87. 0965
96X.9874
45678903
32019012
01329801
10456732

6: 4*2=8
890 0123
78  1874
87  0965
9X. 9874
45X78903
32019012
01329801
10456732

7: 8
890 0123
78  1874
8X  0965
9.  9874
45.X8903
32019012
01329801
10456732

8: 4*2 + 4 = 12
890 0123
7X  1874
X.  0965
9   9874
45 .X903
32019012
01329801
10456732

9: 8 + 4 * 3 = 20
8X0 0123
7.  1874
.   0965
X   X874
45  .X03
3201X012
01329801
10456732
